I,V,L,F,C,M,A,G,T,S,W,Y,P,H,E,Q,D,N,K,R
10.3,11.04,11.14,13.01,7.03,11.02,7.95,-0.8,5.6,3.92,13.7,13.2,6.67,8.81,7.43,8.08,3.76,5.07,9.74,9.01
11.04,7.95,9.76,11.13,4.71,9.32,6.88,-1.61,5.59,2.66,12.81,11.11,6.43,7.29,6.29,6.75,3.4,3.44,8.38,8.47
11.14,9.76,9.12,12.47,5.63,10.26,8.02,-1.72,4.51,3.52,13.19,11.09,6.42,7.56,6.43,7.27,2.67,3.77,8.21,8.99
13.01,11.13,12.47,13.96,8.09,12.86,7.0,1.49,6.83,5.21,15.7,14.33,10.91,11.34,7.96,9.29,5.02,6.88,10.04,10.97
7.03,4.71,5.63,8.09,20.81,6.76,0.48,-3.38,1.15,0.84,9.43,7.2,4.98,6.73,0.36,2.67,-0.36,2.21,2.95,6.25
11.02,9.32,10.26,12.86,6.76,16.15,6.32,0.27,5.24,4.27,15.28,12.09,8.33,8.81,6.31,7.46,5.17,5.27,8.33,8.56
7.95,6.88,8.02,7.0,0.48,6.32,-1.32,-4.87,2.61,-1.31,8.05,6.54,3.01,3.29,2.29,2.95,-0.24,0.28,2.67,4.42
-0.8,-1.61,-1.72,1.49,-3.38,0.27,-4.87,-8.8,-0.94,-4.05,3.91,1.7,-0.76,0.02,-2.41,-1.26,-1.81,-0.78,-0.37,2.02
5.6,5.59,4.51,6.83,1.15,5.24,2.61,-0.94,3.95,3.7,8.05,6.81,6.04,6.78,6.58,6.22,6.5,5.82,7.09,7.54
3.92,2.66,3.52,5.21,0.84,4.27,-1.31,-4.05,3.7,-1.6,6.26,4.91,3.16,4.3,5.11,3.65,5.67,4.15,4.46,5.55
13.7,12.81,13.19,15.7,9.43,15.28,8.05,3.91,8.05,6.26,23.23,14.74,16.53,13.6,9.6,11.03,5.21,8.66,13.84,15.74
13.2,11.11,11.09,14.33,7.2,12.09,6.54,1.7,6.81,4.91,14.74,14.39,12.21,12.15,7.39,8.44,5.82,8.27,12.65,12.45
6.67,6.43,6.42,10.91,4.98,8.33,3.01,-0.76,6.04,3.16,16.53,12.21,5.12,8.59,6.51,6.96,5.58,5.13,6.2,8.98
8.81,7.29,7.56,11.34,6.73,8.81,3.29,0.02,6.78,4.3,13.6,12.15,8.59,13.06,6.82,5.92,7.69,4.91,7.97,9.36
7.43,6.29,6.43,7.96,0.36,6.31,2.29,-2.41,6.58,5.11,9.6,7.39,6.51,6.82,1.5,4.5,1.2,5.45,12.12,12.7
8.08,6.75,7.27,9.29,2.67,7.46,2.95,-1.26,6.22,3.65,11.03,8.44,6.96,5.92,4.5,6.96,4.51,6.52,7.06,8.37
3.76,3.4,2.67,5.02,-0.36,5.17,-0.24,-1.81,6.5,5.67,5.21,5.82,5.58,7.69,1.2,4.51,-0.26,6.42,10.61,12.25
5.07,3.44,3.77,6.88,2.21,5.27,0.28,-0.78,5.82,4.15,8.66,8.27,5.13,4.91,5.45,6.52,6.42,5.68,7.45,7.59
9.74,8.38,8.21,10.04,2.95,8.33,2.67,-0.37,7.09,4.46,13.84,12.65,6.2,7.97,12.12,7.06,10.61,7.45,6.29,4.35
9.01,8.47,8.99,10.97,6.25,8.56,4.42,2.02,7.54,5.55,15.74,12.45,8.98,9.36,12.7,8.37,12.25,7.59,4.35,6.39
