I,V,L,F,C,M,A,G,T,S,W,Y,P,H,E,Q,D,N,K,R
8.02,11.62,13.7,13.53,9.24,8.88,9.55,-1.37,4.35,3.9,9.03,13.62,5.83,10.59,8.2,7.72,2.3,4.37,9.02,8.32
11.62,5.2,10.71,10.17,3.59,8.91,7.78,-1.03,7.64,4.49,11.14,10.28,6.33,6.13,5.45,8.44,3.34,2.46,9.07,8.3
13.7,10.71,6.56,13.6,6.26,10.81,8.36,-0.84,6.69,3.59,10.86,10.77,6.31,8.21,5.44,10.09,3.79,3.69,8.93,7.08
13.53,10.17,13.6,7.78,5.47,14.23,6.8,2.62,8.86,4.33,11.8,12.59,12.75,9.72,7.91,11.33,3.31,6.79,11.01,11.19
9.24,3.59,6.26,5.47,16.4,2.96,-4.26,-1.49,0.79,0.83,5.5,2.4,3.8,4.4,5.2,-2.89,-1.23,-0.52,4.67,5.99
8.88,8.91,10.81,14.23,2.96,6.59,7.98,-2.95,6.21,4.43,14.3,11.83,6.95,0.18,2.66,4.74,0.27,6.44,11.08,9.65
9.55,7.78,8.36,6.8,-4.26,7.98,-5.46,-7.08,2.86,-1.06,4.48,5.83,2.17,1.62,3.78,3.29,-1.15,0.44,3.67,2.22
-1.37,-1.03,-0.84,2.62,-1.49,-2.95,-7.08,-11.51,-4.7,-4.43,7.58,1.87,-0.8,-3.97,-2.72,-0.3,-2.6,-2.12,-0.07,2.96
4.35,7.64,6.69,8.86,0.79,6.21,2.86,-4.7,-1.78,2.47,7.78,9.33,3.94,5.67,4.47,3.37,6.61,4.47,8.54,9.15
3.9,4.49,3.59,4.33,0.83,4.43,-1.06,-4.43,2.47,-6.33,3.76,3.35,2.99,5.0,5.38,3.92,4.7,2.24,7.67,6.31
9.03,11.14,10.86,11.8,5.5,14.3,4.48,7.58,7.78,3.76,7.52,10.85,20.13,11.31,4.21,6.07,1.85,5.05,15.46,18.21
13.62,10.28,10.77,12.59,2.4,11.83,5.83,1.87,9.33,3.35,10.85,7.58,13.47,11.18,8.4,8.27,3.95,7.02,10.7,13.63
5.83,6.33,6.31,12.75,3.8,6.95,2.17,-0.8,3.94,2.99,20.13,13.47,0.92,10.83,4.71,7.02,7.07,6.98,4.24,3.96
10.59,6.13,8.21,9.72,4.4,0.18,1.62,-3.97,5.67,5.0,11.31,11.18,10.83,1.14,5.03,4.76,11.14,-0.27,3.02,8.71
8.2,5.45,5.44,7.91,5.2,2.66,3.78,-2.72,4.47,5.38,4.21,8.4,4.71,5.03,-4.29,4.72,-2.74,5.48,13.8,15.62
7.72,8.44,10.09,11.33,-2.89,4.74,3.29,-0.3,3.37,3.92,6.07,8.27,7.02,4.76,4.72,-2.88,4.12,5.09,6.9,9.22
2.3,3.34,3.79,3.31,-1.23,0.27,-1.15,-2.6,6.61,4.7,1.85,3.95,7.07,11.14,-2.74,4.12,-8.09,4.42,10.57,14.93
4.37,2.46,3.69,6.79,-0.52,6.44,0.44,-2.12,4.47,2.24,5.05,7.02,6.98,-0.27,5.48,5.09,4.42,-0.82,10.11,8.24
9.02,9.07,8.93,11.01,4.67,11.08,3.67,-0.07,8.54,7.67,15.46,10.7,4.24,3.02,13.8,6.9,10.57,10.11,-2.18,1.6
8.32,8.3,7.08,11.19,5.99,9.65,2.22,2.96,9.15,6.31,18.21,13.63,3.96,8.71,15.62,9.22,14.93,8.24,1.6,0.15
