I,V,L,F,C,M,A,G,T,S,W,Y,P,H,E,Q,D,N,K,R
8.77,11.4,11.45,11.64,-0.47,12.57,8.41,0.26,9.31,4.18,18.35,13.61,7.2,7.11,0.77,6.77,3.29,6.03,10.22,7.58
11.4,9.68,9.81,9.16,7.77,8.51,7.04,-0.51,7.98,1.56,12.77,11.5,6.86,8.67,5.69,7.02,4.25,2.86,7.92,8.32
11.45,9.81,11.57,14.61,-0.57,11.5,7.98,0.77,6.73,2.58,12.86,10.09,4.41,11.15,4.84,7.66,3.67,1.99,6.17,7.5
11.64,9.16,14.61,14.82,6.45,11.13,6.93,3.96,8.22,3.47,12.57,17.64,9.6,8.15,6.0,12.7,4.43,2.34,10.02,12.54
-0.47,7.77,-0.57,6.45,22.16,-13.08,0.31,0.41,-6.14,1.88,17.2,10.19,5.98,12.96,-2.55,0.83,-5.39,6.66,-11.31,4.23
12.57,8.51,11.5,11.13,-13.08,18.52,4.58,2.17,3.54,4.18,15.81,7.13,4.39,2.97,9.6,8.76,8.29,4.15,12.71,12.49
8.41,7.04,7.98,6.93,0.31,4.58,-1.32,-4.84,1.74,-0.46,9.86,6.79,2.64,5.49,0.79,0.94,-0.51,-0.03,2.09,1.98
0.26,-0.51,0.77,3.96,0.41,2.17,-4.84,-7.81,0.01,-3.32,1.71,2.58,-1.75,-5.3,-3.01,-3.94,-3.14,-2.76,1.35,-0.58
9.31,7.98,6.73,8.22,-6.14,3.54,1.74,0.01,3.37,2.48,12.3,9.12,6.4,6.26,5.99,4.08,4.56,4.52,7.77,7.98
4.18,1.56,2.58,3.47,1.88,4.18,-0.46,-3.32,2.48,-1.26,2.78,5.42,2.4,6.58,5.21,2.27,4.35,2.76,1.0,5.64
18.35,12.77,12.86,12.57,17.2,15.81,9.86,1.71,12.3,2.78,28.65,15.25,14.44,15.46,14.56,4.07,6.32,5.85,11.39,8.43
13.61,11.5,10.09,17.64,10.19,7.13,6.79,2.58,9.12,5.42,15.25,14.3,9.74,8.03,9.19,8.51,5.08,7.0,11.52,12.62
7.2,6.86,4.41,9.6,5.98,4.39,2.64,-1.75,6.4,2.4,14.44,9.74,5.44,10.02,6.6,5.55,5.59,5.43,6.16,10.67
7.11,8.67,11.15,8.15,12.96,2.97,5.49,-5.3,6.26,6.58,15.46,8.03,10.02,10.89,4.54,-0.06,6.61,2.68,5.43,1.78
0.77,5.69,4.84,6.0,-2.55,9.6,0.79,-3.01,5.99,5.21,14.56,9.19,6.6,4.54,3.62,3.4,3.0,2.66,12.4,12.92
6.77,7.02,7.66,12.7,0.83,8.76,0.94,-3.94,4.08,2.27,4.07,8.51,5.55,-0.06,3.4,8.6,3.35,7.44,7.16,8.71
3.29,4.25,3.67,4.43,-5.39,8.29,-0.51,-3.14,4.56,4.35,6.32,5.08,5.59,6.61,3.0,3.35,0.54,5.58,11.24,9.35
6.03,2.86,1.99,2.34,6.66,4.15,-0.03,-2.76,4.52,2.76,5.85,7.0,5.43,2.68,2.66,7.44,5.58,6.31,7.82,9.77
10.22,7.92,6.17,10.02,-11.31,12.71,2.09,1.35,7.77,1.0,11.39,11.52,6.16,5.43,12.4,7.16,11.24,7.82,8.5,2.95
7.58,8.32,7.5,12.54,4.23,12.49,1.98,-0.58,7.98,5.64,8.43,12.62,10.67,1.78,12.92,8.71,9.35,9.77,2.95,7.41
