I,V,L,F,C,M,A,G,T,S,W,Y,P,H,E,Q,D,N,K,R
10.232401016006794,11.072043039976316,11.248060837881688,13.01861983227678,7.196845355437439,10.936466828652318,8.025549176478467,-0.759933523447077,5.595510920037281,3.8978217596406233,13.474968716327158,13.17924872734977,6.625138354840393,8.9660394724612,7.475015342976429,8.062500494110749,3.669260568634588,5.08915060426291,9.678191600098767,8.98988565690778
11.072043039976316,7.826354224510915,9.841991404268635,11.062686191113269,4.575993946739568,9.32554329259776,6.90335536806053,-1.5958249900542432,5.680463855818979,2.73260266089777,12.7622618473288,11.057709767268467,6.402722147204174,7.21139938413097,6.230812618381351,6.843893767304819,3.3637520193270998,3.367253271870095,8.443234227491855,8.490958068076361
11.248060837881688,9.841991404268635,9.024466071346968,12.496758576543098,5.534225370586724,10.358033471035009,8.037590383996049,-1.698084171842836,4.635543248651208,3.5066722514283155,13.02316694933406,11.035908919440969,6.401512492357839,7.629708965159139,6.477115427173494,7.4594384391657105,2.676571694388832,3.7931320290794677,8.277162735123685,8.929295156737018
13.01861983227678,11.062686191113269,12.496758576543098,13.756167749895692,7.935589146880715,12.972456758116094,6.9605056205848115,1.595423649007444,6.862741525154372,5.165335920878983,15.399203169800323,14.268622908695686,11.077668210088984,11.210587799079313,7.915244675140844,9.421276383648554,4.9091609975146255,6.800262237067947,10.12790349464109,10.965956851710745
7.196845355437439,4.575993946739568,5.534225370586724,7.935589146880712,20.758878168279985,6.574138204600102,0.3009278067590562,-3.27932635995042,1.0547452292346018,0.7665135468659576,9.420528321896578,6.911944355215565,4.938026950581905,6.643265437652429,0.5468680337994238,2.5472436835108097,-0.47944766696022867,2.1067409153820087,3.2525886759755624,6.333076541881475
10.936466828652316,9.32554329259776,10.358033471035009,12.972456758116094,6.574138204600103,15.806175249823667,6.39190766110712,0.13381017502934212,5.295034588611648,4.250984252983173,14.967636987187035,12.034946487484245,8.202944747849472,8.527557199975892,6.179521129377964,7.384634527581181,4.984492997359162,5.306147153429034,8.546763723342073,8.675483766010311
8.025549176478467,6.90335536806053,8.037590383996049,6.9605056205848115,0.3009278067590562,6.39190766110712,-1.4689980912380842,-4.91036113634089,2.616274238255106,-1.2802170121019893,7.88854883540014,6.562561628744655,2.9605008200596954,3.290028382064565,2.3602719409668964,2.9581317484149237,-0.19210142490971072,0.33614974437960743,2.6808381013203446,4.313796697254458
-0.759933523447077,-1.5958249900542432,-1.698084171842836,1.595423649007444,-3.27932635995042,0.13381017502934212,-4.91036113634089,-8.90793133042962,-1.0702572747285548,-4.041262440998315,4.163924632374952,1.709446930625358,-0.7690763977722187,-0.12707688602149284,-2.4235068751492315,-1.2688070618877152,-1.8305365156905127,-0.7812419834213926,-0.31263535907071116,2.062591754826034
5.595510920037281,5.680463855818979,4.63554324865121,6.862741525154372,1.0547452292346018,5.295034588611648,2.6162742382551047,-1.0702572747285548,3.7713722065453466,3.6183447115670897,7.944339993903227,6.9752333988008655,5.978565867964935,6.720627485234562,6.571621440194395,6.191838562593379,6.4916774395562165,5.731735617053974,7.153790428053675,7.6298730942443065
3.8978217596406233,2.73260266089777,3.5066722514283155,5.165335920878983,0.7665135468659576,4.250984252983173,-1.2802170121019893,-4.041262440998313,3.6183447115670897,-1.7371548690459586,6.15659739991006,4.808292632915738,3.22491334858096,4.284163166462317,5.118428021040192,3.6095419064500756,5.6777452506200055,4.088556939537906,4.624838947767181,5.581483014226139
13.47496871632716,12.7622618473288,13.02316694933406,15.399203169800323,9.420528321896581,14.967636987187031,7.88854883540014,4.163924632374953,7.944339993903227,6.15659739991006,22.462153751271167,14.469809782731005,16.90026316449799,13.473151467772126,9.419732499923477,10.5913894218992,4.8416645126427555,8.466553532525934,14.012578237212786,15.917830565580795
13.179248727349771,11.057709767268467,11.035908919440969,14.268622908695686,6.911944355215562,12.034946487484245,6.562561628744655,1.709446930625358,6.9752333988008655,4.808292632915738,14.469809782731001,14.068068353848616,12.347013441394157,12.074213681212335,7.481018318581904,8.569839216403793,5.67947997399542,8.185097931448484,12.539294700534011,12.529997759371776
6.625138354840393,6.402722147204174,6.401512492357839,11.077668210088984,4.938026950581905,8.202944747849472,2.9605008200596954,-0.7690763977722187,5.978565867964935,3.2249133485809582,16.90026316449799,12.347013441394157,4.941260938810324,8.683734867881425,6.443684976004364,6.966779763745112,5.584465176622517,5.200711827706405,6.11619737760908,8.799015622885573
8.9660394724612,7.21139938413097,7.629708965159139,11.210587799079313,6.643265437652429,8.527557199975892,3.290028382064565,-0.12707688602149397,6.72062748523456,4.284163166462317,13.473151467772128,12.074213681212335,8.683734867881425,12.740313828955955,6.724279334071461,5.879106430022204,7.837990373488793,4.755865958569718,7.802569679485059,9.346083752114044
7.475015342976429,6.230812618381351,6.477115427173494,7.915244675140844,0.5468680337994238,6.179521129377966,2.3602719409668964,-2.423506875149233,6.571621440194395,5.118428021040192,9.419732499923477,7.481018318581904,6.443684976004364,6.724279334071463,1.3596530185658084,4.483482050155566,1.0445503728892798,5.372411422236035,12.222682036050509,12.80371337621885
8.062500494110749,6.843893767304818,7.4594384391657105,9.421276383648554,2.547243683510808,7.384634527581183,2.9581317484149254,-1.2688070618877139,6.191838562593379,3.6095419064500756,10.591389421899201,8.569839216403793,6.966779763745112,5.879106430022204,4.483482050155566,6.711527053288289,4.488070493424128,6.435143793235765,7.067179471263902,8.36080889481623
3.669260568634588,3.3637520193270998,2.6765716943888336,4.909160997514627,-0.47944766696022867,4.984492997359163,-0.19210142490971072,-1.8305365156905127,6.491677439556215,5.6777452506200055,4.841664512642758,5.67947997399542,5.584465176622518,7.837990373488793,1.0445503728892798,4.488070493424128,-0.48665832439105244,6.259367059305939,10.640042248894536,12.36935757981698
5.08915060426291,3.367253271870095,3.793132029079467,6.800262237067947,2.106740915382007,5.306147153429034,0.3361497443796096,-0.7812419834213914,5.731735617053974,4.088556939537906,8.466553532525934,8.185097931448484,5.200711827706403,4.75586595856972,5.372411422236033,6.435143793235765,6.259367059305937,5.410897302468327,7.564225818146245,7.650612801264644
9.678191600098767,8.443234227491855,8.277162735123685,10.12790349464109,3.2525886759755624,8.546763723342073,2.6808381013203446,-0.31263535907071116,7.153790428053675,4.624838947767181,14.012578237212788,12.539294700534011,6.11619737760908,7.802569679485059,12.222682036050509,7.067179471263902,10.640042248894536,7.564225818146245,6.039403638795827,4.308832560663458
8.98988565690778,8.490958068076363,8.929295156737018,10.965956851710745,6.333076541881473,8.67548376601031,4.313796697254456,2.062591754826034,7.6298730942443065,5.581483014226141,15.917830565580795,12.529997759371776,8.799015622885573,9.346083752114044,12.80371337621885,8.36080889481623,12.36935757981698,7.650612801264644,4.308832560663458,6.183885547754028
