,I,V,L,F,C,M,A,G,T,S,W,Y,P,H,E,Q,D,N,K,R
I,10.232401016006794,11.072043039976316,11.248060837881686,13.018619832276778,7.196845355437438,10.936466828652318,8.025549176478469,-0.759933523447077,5.595510920037282,3.8978217596406233,13.474968716327156,13.179248727349771,6.625138354840393,8.9660394724612,7.475015342976429,8.062500494110749,3.6692605686345883,5.08915060426291,9.678191600098767,8.989885656907779
V,11.072043039976316,7.826354224510915,9.841991404268637,11.062686191113267,4.575993946739568,9.32554329259776,6.903355368060531,-1.5958249900542432,5.680463855818979,2.73260266089777,12.762261847328801,11.057709767268467,6.402722147204174,7.21139938413097,6.230812618381351,6.843893767304818,3.3637520193271,3.367253271870095,8.443234227491855,8.490958068076361
L,11.248060837881686,9.841991404268637,9.024466071346968,12.496758576543098,5.534225370586723,10.358033471035007,8.037590383996049,-1.6980841718428359,4.635543248651208,3.5066722514283155,13.023166949334062,11.035908919440965,6.401512492357839,7.629708965159138,6.477115427173494,7.4594384391657105,2.6765716943888322,3.793132029079468,8.277162735123685,8.929295156737018
F,13.018619832276778,11.062686191113267,12.496758576543098,13.756167749895694,7.935589146880715,12.972456758116095,6.960505620584812,1.595423649007444,6.862741525154372,5.1653359208789835,15.399203169800325,14.268622908695686,11.077668210088985,11.210587799079313,7.915244675140843,9.421276383648555,4.9091609975146255,6.8002622370679475,10.127903494641089,10.965956851710743
C,7.196845355437438,4.575993946739568,5.534225370586723,7.935589146880712,20.758878168279985,6.574138204600103,0.3009278067590562,-3.27932635995042,1.0547452292346018,0.7665135468659576,9.420528321896578,6.911944355215565,4.938026950581905,6.6432654376524285,0.5468680337994238,2.5472436835108097,-0.4794476669602287,2.1067409153820087,3.2525886759755624,6.333076541881474
M,10.936466828652318,9.32554329259776,10.358033471035007,12.972456758116095,6.574138204600103,15.806175249823667,6.391907661107121,0.13381017502934212,5.2950345886116486,4.250984252983173,14.967636987187035,12.034946487484245,8.202944747849473,8.527557199975892,6.179521129377964,7.3846345275811816,4.984492997359162,5.306147153429034,8.546763723342071,8.675483766010311
A,8.025549176478469,6.903355368060531,8.037590383996049,6.960505620584812,0.3009278067590562,6.391907661107121,-1.4689980912380842,-4.91036113634089,2.616274238255106,-1.2802170121019891,7.888548835400139,6.562561628744656,2.9605008200596954,3.290028382064565,2.3602719409668964,2.958131748414924,-0.19210142490971072,0.33614974437960743,2.6808381013203446,4.313796697254458
G,-0.759933523447077,-1.5958249900542432,-1.6980841718428359,1.595423649007444,-3.27932635995042,0.13381017502934212,-4.91036113634089,-8.90793133042962,-1.0702572747285548,-4.041262440998315,4.163924632374952,1.7094469306253581,-0.7690763977722187,-0.12707688602149286,-2.4235068751492315,-1.2688070618877152,-1.830536515690513,-0.7812419834213926,-0.3126353590707112,2.0625917548260344
T,5.595510920037282,5.680463855818979,4.63554324865121,6.862741525154372,1.0547452292346018,5.2950345886116486,2.6162742382551047,-1.0702572747285548,3.7713722065453466,3.6183447115670897,7.944339993903228,6.9752333988008655,5.978565867964934,6.720627485234562,6.571621440194394,6.191838562593379,6.4916774395562165,5.731735617053974,7.153790428053675,7.629873094244306
S,3.8978217596406233,2.73260266089777,3.5066722514283155,5.1653359208789835,0.7665135468659576,4.250984252983173,-1.2802170121019891,-4.041262440998313,3.6183447115670897,-1.7371548690459586,6.156597399910059,4.808292632915738,3.22491334858096,4.284163166462317,5.118428021040192,3.609541906450076,5.6777452506200055,4.088556939537906,4.624838947767182,5.581483014226139
W,13.47496871632716,12.762261847328801,13.023166949334062,15.399203169800325,9.42052832189658,14.967636987187033,7.888548835400139,4.163924632374953,7.944339993903228,6.156597399910059,22.462153751271167,14.469809782731007,16.90026316449799,13.473151467772125,9.419732499923477,10.5913894218992,4.841664512642756,8.466553532525934,14.012578237212784,15.917830565580795
Y,13.179248727349773,11.057709767268467,11.035908919440965,14.268622908695686,6.911944355215563,12.034946487484245,6.562561628744656,1.7094469306253581,6.9752333988008655,4.808292632915738,14.469809782731,14.068068353848615,12.347013441394155,12.074213681212337,7.481018318581903,8.569839216403793,5.67947997399542,8.185097931448484,12.539294700534013,12.529997759371776
P,6.625138354840393,6.402722147204174,6.401512492357839,11.077668210088985,4.938026950581905,8.202944747849473,2.9605008200596954,-0.7690763977722187,5.978565867964934,3.2249133485809582,16.90026316449799,12.347013441394155,4.941260938810324,8.683734867881425,6.443684976004364,6.966779763745112,5.584465176622517,5.200711827706406,6.11619737760908,8.799015622885571
H,8.9660394724612,7.21139938413097,7.629708965159138,11.210587799079313,6.6432654376524285,8.527557199975892,3.290028382064565,-0.12707688602149395,6.7206274852345596,4.284163166462317,13.473151467772126,12.074213681212337,8.683734867881425,12.740313828955955,6.724279334071461,5.879106430022204,7.837990373488793,4.755865958569718,7.8025696794850585,9.346083752114044
E,7.475015342976429,6.230812618381351,6.477115427173494,7.915244675140843,0.5468680337994238,6.1795211293779655,2.3602719409668964,-2.4235068751492332,6.571621440194394,5.118428021040192,9.419732499923477,7.481018318581903,6.443684976004364,6.724279334071463,1.3596530185658084,4.483482050155566,1.0445503728892798,5.372411422236035,12.222682036050507,12.80371337621885
Q,8.062500494110749,6.8438937673048175,7.4594384391657105,9.421276383648555,2.547243683510808,7.384634527581182,2.958131748414925,-1.268807061887714,6.191838562593379,3.609541906450076,10.5913894218992,8.569839216403793,6.966779763745112,5.879106430022204,4.483482050155566,6.71152705328829,4.488070493424128,6.435143793235764,7.067179471263902,8.36080889481623
D,3.6692605686345883,3.3637520193271,2.6765716943888336,4.909160997514627,-0.4794476669602287,4.984492997359163,-0.19210142490971072,-1.830536515690513,6.491677439556215,5.6777452506200055,4.841664512642758,5.67947997399542,5.584465176622518,7.837990373488793,1.0445503728892798,4.488070493424128,-0.4866583243910525,6.259367059305938,10.640042248894538,12.369357579816981
N,5.08915060426291,3.367253271870095,3.7931320290794672,6.8002622370679475,2.106740915382007,5.306147153429034,0.3361497443796096,-0.7812419834213914,5.731735617053974,4.088556939537906,8.466553532525934,8.185097931448484,5.200711827706403,4.75586595856972,5.372411422236033,6.435143793235764,6.259367059305937,5.410897302468327,7.564225818146245,7.650612801264644
K,9.678191600098767,8.443234227491855,8.277162735123685,10.127903494641089,3.2525886759755624,8.546763723342071,2.6808381013203446,-0.3126353590707112,7.153790428053675,4.624838947767182,14.012578237212786,12.539294700534013,6.11619737760908,7.8025696794850585,12.222682036050507,7.067179471263902,10.640042248894538,7.564225818146245,6.039403638795828,4.3088325606634585
R,8.989885656907779,8.490958068076363,8.929295156737018,10.965956851710743,6.333076541881473,8.67548376601031,4.313796697254456,2.0625917548260344,7.629873094244306,5.5814830142261425,15.917830565580795,12.529997759371776,8.799015622885571,9.346083752114044,12.80371337621885,8.36080889481623,12.369357579816981,7.650612801264644,4.3088325606634585,6.183885547754028
